[24, 0, 1, 2, 3, 18, 4, 18, 5, 6, 25, -58.407178051467]
[24, 2, 3, 18, 4, 18, 5, 6, 25, -39.754151979072745]
[24, 8, 9, 18, 4, 18, 5, 6, 25, -52.434767466887855]
[24, 16, 0, 19, 1, 2, 3, 18, 4, 18, 5, 6, 25, -76.94428109077145]
[24, 8, 8, 8, 9, 19, 1, 20, 1, 19, 1, 2, 18, 4, 18, 5, 6, 25, -138.5297361980822]
[24, 0, 19, 2, 3, 18, 4, 18, 5, 6, 25, -57.93360261779778]
[24, 0, 19, 1, 2, 2, 3, 18, 4, 18, 5, 6, 25, -67.23603253597996]
[24, 0, 19, 1, 2, 3, 18, 4, 18, 5, 6, 25, -55.29652777494089]
[24, 0, 19, 1, 2, 3, 18, 4, 4, 18, 5, 6, 25, -67.16051205107229]
[24, 8, 8, 9, 18, 2, 3, 4, 18, 4, 18, 5, 6, 25, -86.18266981585236]
[24, 1, 2, 3, 18, 4, 18, 5, 6, 25, -41.456461966357395]
[24, 0, 19, 1, 2, 3, 18, 4, 4, 18, 5, 6, 25, -66.34472246856907]
[24, 0, 19, 1, 2, 3, 18, 4, 18, 5, 6, 25, -58.89034807054729]
[24, 8, 9, 18, 4, 18, 5, 6, 25, -49.14004393438609]
[24, 0, 18, 1, 20, 1, 2, 3, 18, 4, 18, 5, 6, 25, -68.186353239099]
[24, 8, 9, 15, 9, 18, 1, 20, 1, 2, 3, 18, 4, 18, 5, 6, 25, -97.73059571252819]
[24, 0, 18, 4, 4, 18, 2, 3, 18, 4, 18, 5, 6, 25, -80.0492580720276]
[24, 0, 19, 1, 2, 2, 3, 18, 4, 4, 18, 5, 6, 25, -83.99455458864037]
[24, 0, 1, 2, 3, 18, 4, 18, 5, 6, 25, -61.07773654306]
[24, 1, 2, 2, 3, 18, 4, 18, 5, 6, 25, -58.33964564225816]
[24, 0, 19, 1, 2, 3, 18, 4, 18, 5, 6, 25, -55.007833199284136]
[24, 8, 9, 18, 4, 18, 5, 6, 25, -51.32683245956923]
[24, 0, 19, 1, 2, 3, 18, 4, 4, 18, 5, 6, 25, -66.72901286917303]
[24, 0, 19, 1, 2, 3, 18, 4, 4, 18, 5, 6, 25, -60.04747713376549]
[24, 0, 19, 1, 2, 3, 18, 4, 18, 5, 6, 25, -54.01241453115329]
[24, 0, 19, 1, 2, 3, 18, 4, 4, 18, 5, 6, 25, -63.74252637513801]
[24, 0, 19, 1, 2, 3, 18, 4, 18, 5, 6, 25, -56.36852602627101]
[24, 0, 19, 1, 18, 4, 18, 5, 6, 25, -53.6343020429981]
[24, 16, 0, 19, 1, 2, 3, 18, 4, 18, 5, 6, 25, -79.9194262519676]
[24, 2, 3, 18, 4, 18, 5, 6, 25, -42.60940103536429]
[24, 2, 3, 18, 4, 18, 5, 6, 25, -40.14277558745878]
[24, 0, 19, 1, 2, 3, 18, 4, 18, 5, 6, 25, -55.86786604191136]
[24, 0, 19, 1, 2, 2, 3, 18, 4, 18, 5, 6, 25, -66.52089664682067]
[24, 8, 8, 9, 18, 4, 18, 5, 6, 25, -56.42640995438115]
[24, 16, 0, 19, 1, 2, 3, 18, 4, 18, 5, 6, 25, -67.20645744850665]
[24, 0, 19, 1, 2, 3, 18, 4, 18, 5, 6, 25, -59.734255091117745]
[24, 0, 19, 1, 2, 3, 18, 4, 18, 5, 6, 25, -59.660708009813646]
[24, 0, 19, 1, 2, 3, 18, 4, 18, 5, 6, 25, -58.58691230104887]
[24, 8, 9, 19, 1, 2, 3, 18, 4, 4, 18, 5, 6, 25, -68.45810506316683]
[24, 0, 19, 1, 2, 3, 18, 4, 18, 5, 6, 25, -60.46923371180157]
[24, 0, 19, 1, 20, 1, 2, 3, 18, 4, 18, 5, 6, 25, -73.36530810567233]
[24, 2, 3, 18, 4, 18, 5, 6, 25, -45.10756137449559]
[24, 0, 19, 1, 2, 3, 18, 4, 18, 5, 6, 25, -65.03576798447784]
[24, 0, 19, 1, 2, 3, 18, 4, 18, 5, 6, 25, -68.27271208901885]
[24, 0, 19, 1, 2, 3, 18, 4, 18, 5, 6, 25, -60.08642575641912]
[24, 8, 8, 9, 18, 4, 18, 5, 6, 25, -54.962045513474024]
[24, 0, 19, 1, 2, 3, 18, 4, 18, 5, 6, 25, -52.55355100588995]
[24, 0, 19, 1, 2, 3, 18, 4, 18, 5, 6, 25, -59.44533371926111]
[24, 0, 19, 1, 2, 3, 18, 4, 18, 5, 6, 25, -50.569656421718996]
[24, 0, 1, 2, 2, 2, 3, 18, 4, 4, 18, 5, 6, 25, -73.92187884497086]
[24, 0, 19, 1, 2, 3, 18, 4, 4, 18, 5, 6, 25, -70.94827027995954]
[24, 16, 0, 19, 1, 1, 2, 3, 18, 4, 18, 5, 6, 25, -75.4545933113107]
[24, 0, 18, 8, 9, 18, 2, 2, 3, 18, 4, 18, 5, 6, 25, -79.55782082236266]
[24, 0, 19, 1, 2, 3, 18, 4, 4, 18, 5, 6, 25, -60.24167993282756]
[24, 0, 19, 1, 2, 18, 4, 18, 5, 6, 25, -63.206213499342965]
[24, 0, 19, 1, 2, 3, 18, 4, 18, 5, 6, 25, -58.61847068751437]
[24, 0, 19, 2, 3, 18, 4, 18, 5, 6, 25, -69.06528910789815]
[24, 0, 19, 1, 2, 3, 18, 4, 4, 18, 5, 6, 25, -65.9164129210579]
[24, 0, 19, 1, 2, 3, 18, 4, 18, 5, 6, 25, -50.320993150434084]
[24, 2, 3, 18, 4, 18, 5, 6, 25, -42.09602663600471]
[24, 0, 19, 1, 2, 3, 18, 4, 18, 5, 6, 25, -57.09946677478703]
[24, 0, 1, 2, 3, 18, 4, 18, 5, 6, 25, -46.166093466090395]
[24, 1, 2, 3, 18, 1, 2, 18, 4, 18, 5, 6, 25, -72.14212691254828]
[24, 8, 8, 9, 18, 4, 18, 5, 6, 25, -55.435049941950474]
[24, 1, 2, 3, 18, 1, 20, 1, 2, 3, 18, 4, 4, 18, 5, 6, 25, -90.31990749732775]
[24, 1, 2, 2, 3, 18, 4, 18, 5, 6, 25, -57.58994915035009]
[24, 1, 2, 2, 2, 2, 2, 3, 18, 4, 18, 5, 6, 25, -87.389130409427]
[24, 8, 8, 9, 18, 4, 18, 5, 6, 25, -52.719237418638855]
[24, 1, 2, 20, 2, 2, 3, 18, 4, 18, 5, 6, 25, -75.1754992358145]
[24, 0, 1, 2, 3, 18, 4, 18, 5, 6, 25, -51.75431461630586]
[24, 2, 3, 18, 4, 18, 5, 6, 25, -41.66992076878821]
[24, 0, 19, 1, 2, 3, 18, 4, 18, 5, 6, 25, -56.68858910993886]
[24, 1, 2, 3, 18, 4, 18, 5, 6, 25, -49.561123494508934]
[24, 1, 2, 2, 3, 18, 1, 2, 3, 18, 4, 4, 18, 5, 6, 25, -93.08913381658304]
[24, 16, 0, 19, 1, 2, 3, 18, 4, 18, 5, 6, 25, -61.272812445219785]
[24, 0, 19, 1, 2, 3, 18, 4, 18, 5, 6, 25, -51.50002775099705]
[24, 0, 19, 1, 2, 3, 18, 4, 18, 5, 6, 25, -52.50741511366613]
[24, 2, 3, 18, 4, 18, 5, 6, 25, -44.54315575209967]
[24, 8, 8, 9, 18, 4, 18, 5, 6, 25, -54.962045513474024]
[24, 0, 19, 1, 2, 3, 18, 4, 18, 5, 6, 25, -55.048192534780426]
[24, 0, 19, 1, 20, 1, 2, 2, 20, 2, 3, 18, 4, 18, 5, 6, 25, -119.20619562871902]
[24, 0, 19, 1, 2, 3, 18, 4, 18, 5, 6, 25, -50.853246033299726]
[24, 0, 1, 2, 3, 18, 4, 4, 18, 5, 6, 25, -58.93493056527703]
[24, 0, 19, 1, 2, 3, 18, 4, 18, 5, 6, 25, -65.74196110857531]
[24, 2, 3, 18, 4, 18, 5, 6, 25, -45.50406775316821]
[24, 0, 1, 2, 3, 18, 4, 4, 4, 4, 4, 18, 5, 6, 25, -85.60967211482823]
[24, 0, 19, 1, 2, 3, 18, 4, 18, 5, 6, 25, -60.06108440267954]
[24, 2, 3, 18, 4, 18, 5, 6, 25, -38.86472829113795]
[24, 0, 19, 1, 18, 4, 4, 18, 5, 6, 25, -56.99022955932033]
[24, 0, 19, 1, 20, 1, 2, 3, 18, 4, 18, 5, 6, 25, -72.63466526613313]
[24, 0, 1, 2, 2, 2, 3, 18, 4, 18, 5, 6, 25, -74.45664744025565]
[24, 2, 3, 18, 4, 18, 5, 6, 25, -44.45122388315246]
[24, 8, 9, 1, 2, 3, 18, 4, 18, 5, 6, 25, -55.346101001097416]
[24, 0, 19, 1, 2, 3, 18, 4, 18, 5, 6, 25, -54.78551712244414]
[24, 2, 3, 18, 4, 18, 5, 6, 25, -49.545420061233415]
[24, 0, 19, 1, 2, 3, 18, 4, 4, 18, 5, 6, 25, -63.913879689451406]
[24, 2, 3, 18, 4, 4, 18, 5, 6, 25, -48.018279615695306]
[24, 8, 8, 9, 19, 1, 18, 4, 4, 18, 5, 6, 25, -93.23348468803704]
[24, 2, 3, 18, 4, 18, 5, 6, 25, -42.796017552066]
[24, 0, 19, 1, 2, 3, 18, 4, 4, 18, 5, 6, 25, -63.617741969957784]